movealong.mp3
artist here
album here
4398 00011
4809 00100
5218 00010
5627 00100
6036 00010
6581 00011
6990 00100
7399 00010
7809 00100
8218 00010
8490 01000
8763 00011
9172 00100
9581 00010
9990 00100
10399 00010
10945 00011
11354 00100
11763 00010
12172 00100
12581 00010
12854 01000
13127 10001
13536 00100
13945 00010
14354 00100
14763 00010
15309 00011
15718 00100
16127 00010
16536 00100
16945 00010
17218 01000
17490 00011
17899 00100
18309 00010
18718 00100
19127 00010
19672 00011
20081 00100
20490 00010
20899 00100
21309 00010
21581 01000
21854 10001
22263 00100
22672 00010
23081 00100
23490 00010
24036 00011
24445 00100
24854 00010
25263 00100
25672 00010
25945 01000
26218 00011
26627 00100
27036 00010
27445 00100
27854 00010
28399 00011
28809 00100
29218 00010
29627 00100
30036 00010
30309 01000
30581 10001
30990 00100
31399 00010
31809 00100
32218 00010
32763 00011
33172 00100
33581 00010
33990 00100
34399 00010
34672 01000
34945 00011
35354 00100
35763 00010
36172 00100
36581 00010
37127 00011
37536 00100
37945 00010
38354 00100
38763 00010
39036 01000
39309 10001
46399 01000
46672 00100
47081 01000
47490 01000
47763 01000
48036 10001
48309 00100
48581 01000
48606 00100
48854 00100
49127 00101
49399 00100
49672 01000
49697 00100
49945 00100
50218 00101
50490 00100
50763 01100
51036 00100
51309 00101
51581 00100
51854 01100
52127 00100
52399 00101
52672 00100
52945 01100
53218 00100
53490 00101
53763 00100
54036 01100
54309 00100
54581 00101
54854 00100
55127 01100
55399 00100
55672 00101
55945 00100
56218 01000
56490 01000
56763 10001
57036 00100
57309 01100
57581 00100
57854 00101
58127 00100
58399 01100
58672 00100
58945 00101
59218 00100
59490 01100
59763 00100
60036 00101
60309 00100
60581 01100
60854 00100
61127 00101
61399 00100
61672 01100
61945 00100
62218 00101
62490 00100
62763 01100
63036 00100
63309 00101
63581 00100
63854 01000
64127 01000
64536 01000
64945 01000
65218 01000
65490 10001
65899 01000
66036 00100
66309 01000
66581 00100
66718 01000
67127 00100
67399 01000
67672 00101
68081 01000
68218 00100
68490 01000
68763 00100
68899 01000
69309 00100
69581 01000
69853 00101
70262 01000
70398 00100
70671 01000
70944 00100
71080 01000
71489 00100
71762 01000
72035 00101
72444 01000
72580 00100
72853 01000
73126 00100
73262 01000
73671 00100
73944 01000
74216 00011
74504 00010
74763 00011
76399 10001
76945 10001
77627 01000
78036 01000
78309 01000
78581 10001
79127 01000
79399 00010
79809 01000
80218 00010
80490 01000
80763 00101
81309 01000
81581 00010
81990 01000
82399 00010
82672 01000
82945 00101
83490 01000
83763 00010
84172 01000
84581 00010
84854 01000
85127 00101
85672 01000
85945 00010
86354 01000
86763 00010
87036 01000
87309 00101
87854 01000
88127 00010
88536 01000
88945 00010
89218 01000
89490 00101
90036 01000
90309 00010
90718 01000
91127 00010
91399 01000
91672 10001
91945 00100
92218 00100
92490 00100
92763 00101
93036 00100
93308 01100
93581 00100
93854 00101
94127 00100
94399 00100
94672 00100
94945 00101
95218 00100
95490 01100
95763 00100
96036 00101
96308 00100
96581 00100
96854 00100
97127 00101
97399 00100
97672 01100
97945 00100
98218 00101
98763 10010
99308 10010
100127 01000
100399 10001
100672 00100
100945 01000
100958 00100
101218 00100
101490 00101
101763 00100
102036 01000
102049 00100
102308 00100
102581 00101
102854 00100
103127 01000
103140 00100
103399 00100
103672 00101
103945 00100
104218 01000
104231 00100
104490 00100
104763 00101
105036 00100
105308 01000
105322 00100
105581 00100
105854 00101
106127 00100
106399 01000
106413 00100
106672 00100
106945 00101
107218 00100
107490 01000
107504 00100
107763 00100
108036 00101
108308 00100
108581 01000
108854 01000
109127 10001
109399 00100
109672 01000
109686 00100
109945 00100
110218 00101
110490 00100
110763 01000
110777 00100
111036 00100
111308 00101
111581 00100
111854 01000
111868 00100
112127 00100
112399 00101
112672 00100
112945 01000
112958 00100
113218 00100
113490 00101
113763 00100
114036 01000
114049 00100
114308 00100
114581 00101
114854 00100
115127 01000
115140 00100
115399 00100
115672 00101
115945 00100
116218 01000
116490 01000
116899 01000
117308 01000
117581 01000
117854 10001
118399 01000
118672 11000
119081 01000
119490 01000
119763 01000
120036 10001
120581 01000
120854 11000
121263 01000
121672 01000
121945 01000
122218 10001
122763 01000
123036 11000
123445 01000
123854 01000
124127 01000
124399 10001
124945 01000
125218 11000
125627 01000
126036 01000
126308 01000
126581 10001
127127 01000
127399 11000
127808 01000
128218 01000
128490 01000
128763 10001
129308 01000
129581 11000
129990 01000
130399 01000
130672 01000
130945 10001
131490 01000
131763 11000
132172 01000
132581 01000
132854 01000
133127 10001
133672 01000
133945 11000
134354 01000
134763 01000
135036 01000
135308 10001
135718 01000
136127 00100
136536 01000
136945 00010
137218 01000
137490 10001
137899 01000
138308 00100
138718 01000
139127 00010
139399 01000
139672 10001
140081 01000
140490 00100
140899 01000
141308 00010
141581 01000
141854 10001
142263 01000
142672 00100
143081 01000
143490 00010
143763 01000
144036 10001
144445 01000
144854 00100
145263 01000
145672 00010
145945 01000
146218 10001
146627 01000
147036 00100
147445 01000
147854 00010
148127 01000
148399 10001
148808 01000
149218 00100
149627 01000
150036 00010
150308 01000
150581 01100
150958 00010
151127 01100
151504 00010
151672 01100
169672 01000
169945 01000
170218 10001
170763 01000
170777 00100
171036 00100
171308 00101
171581 00100
171854 01000
171868 00100
172127 00100
172399 00101
172672 00100
172945 01000
172958 00100
173218 00100
173490 00101
173763 00100
174036 01000
174049 00100
174308 00100
174581 00101
174854 00100
175127 01000
175140 00100
175399 00100
175672 00101
175945 00100
176218 01000
176231 00100
176490 00100
176763 00101
177036 00100
177308 01000
177322 00100
177581 00100
177990 01000
178399 01000
178672 01000
178945 10001
179490 01000
179504 00100
179763 00100
180036 00101
180308 00100
180581 01000
180595 00100
180854 00100
181127 00101
181399 00100
181672 01000
181686 00100
181945 00100
182217 00101
182490 00100
182763 01000
182777 00100
183036 00100
183308 00101
183581 00100
183854 01000
183867 00100
184127 00100
184399 00101
184672 00100
184945 01000
184958 00100
185217 00100
185490 00001
185504 00100
185777 00100
186036 01000
186049 00100
186322 00100
186581 01000
186854 01000
187127 01000
187399 01000
187672 10001
188217 01000
188231 00100
188490 00100
188763 00101
189036 00100
189308 01000
189322 00100
189581 00100
189854 00101
190127 00100
190399 01000
190413 00100
190672 00100
190945 00101
191217 00100
191490 01000
191504 00100
191763 00100
192036 00101
192308 00100
192581 01000
192595 00100
192854 00100
193127 00101
193399 00100
193672 01000
193686 00100
193945 00100
194217 00001
194231 00100
194504 00100
194763 01000
194777 00100
195049 00100
195445 01000
195854 01000
196127 01000
196399 10001
196945 01000
196958 00100
197217 00100
197490 00101
197763 00100
198036 01000
198049 00100
198308 00100
198581 00101
198854 00100
199127 01000
199140 00100
199399 00100
199672 00101
199945 00100
200217 01000
200231 00100
200490 00100
200763 00101
201036 00100
201308 01000
201322 00100
201581 00100
201854 00101
202127 00100
202399 01000
202413 00100
202672 00100
202945 00001
202958 00100
203231 00100
203490 01000
203504 00100
203777 00100
204172 01000
204581 01000
204854 01000
205127 10001
205672 01000
205945 11000
206354 01000
206763 01000
207036 01000
207308 10001
207854 01000
208127 11000
208536 01000
208945 01000
209217 01000
209490 10001
210036 01000
210308 11000
210717 01000
211127 01000
211399 01000
211672 10001
212081 01000
212490 11000
212899 01000
213308 01000
213581 01000
213854 10001
214399 01000
214672 11000
215081 01000
215490 01000
215763 01000
216036 10001
216445 01000
216854 11000
217263 01000
217672 01000
217945 01000
218217 10001
218763 01000
219036 11000
219445 01000
219854 01000
220127 01000
220399 10001
220808 10001
221217 10001
221627 10001
222036 10001
222581 10001
222990 01000
223399 00100
223808 01000
224217 00010
224490 01000
224763 01100
225140 00010
225308 01100
225686 00010
225854 01100
