jukebox.mp3
artist here
album here
5430 00001
5512 00001
6108 00001
6190 00001
6787 00001
6869 00001
7466 00001
7548 00001
8145 00001
8225 00001
8824 00001
8904 00001
9502 00001
9583 00001
10181 00001
10263 00001
10860 00001
10942 00001
11539 00001
11621 00001
12217 00001
12299 00001
12896 00001
12978 00001
13575 00001
13657 00001
14254 00001
14336 00001
14933 00001
15015 00001
15611 00001
15693 00001
16290 00001
16372 00001
16969 00001
17051 00001
17648 00001
17730 00001
18326 00001
18408 00001
19005 00001
19087 00001
19684 00001
19766 00001
20363 00001
20445 00001
21042 00001
21124 00001
21720 00001
21802 00001
22399 00001
22481 00001
23078 00001
23160 00001
23757 00001
23839 00001
24435 00001
24517 00001
25114 00001
25196 00001
25793 00001
25875 00001
26472 00001
26554 00001
27151 00001
27233 00001
27829 00001
27911 00001
28508 00001
28590 00001
29187 00001
29269 00001
29866 00001
29948 00001
30544 00001
30626 00001
31223 00001
31305 00001
31902 00001
31984 00001
32581 00001
32663 00001
33259 00001
33342 00001
33938 00001
34020 00001
34617 00001
34699 00001
35296 00001
35378 00001
35975 00001
36057 00001
36653 00001
36735 00001
37332 00001
37414 00001
38011 00001
38093 00001
38350 11000
38432 11000
39029 01100
39111 01100
39368 00001
39453 00001
39708 01100
39790 01100
40387 01100
40469 01100
40726 00001
40808 00001
41065 01010
41147 01010
41744 01100
41826 01100
42084 00001
42168 00001
42423 01100
42505 01100
43102 01100
43184 01100
43441 00001
43523 00001
43781 11000
43863 11000
44459 01100
44541 01100
44799 00001
44884 00001
45138 01100
45220 01100
45817 01100
45899 01100
46156 00001
46238 00001
46496 01010
46578 01010
47174 01100
47256 01100
47514 00001
47599 00001
47853 01100
47935 01100
48532 01100
48614 01100
48871 00001
48953 00001
49550 00001
49632 00001
50229 00001
50311 00001
50908 00001
50990 00001
51586 00001
51668 00001
52265 00001
52347 00001
52944 00001
53026 00001
53623 00001
53705 00001
54302 00001
54384 00001
54980 00001
55062 00001
55659 00001
55741 00001
56338 00001
56420 00001
57017 00001
57099 00001
57695 00001
57777 00001
58374 00001
58456 00001
59053 00001
59135 00001
59732 00001
59814 00001
60071 11000
60153 11000
60750 01100
60832 01100
61089 00001
61174 00001
61429 01100
61511 01100
62107 01100
62189 01100
62447 00001
62529 00001
62786 01010
62868 01010
63465 01100
63547 01100
63804 00001
63889 00001
64144 01100
64226 01100
64823 01100
64905 01100
65162 00001
65244 00001
65501 11000
65583 11000
66180 01100
66262 01100
66519 00001
66604 00001
66859 01100
66941 01100
67538 01100
67620 01100
67877 00001
67959 00001
68216 01010
68298 01010
68895 01100
68977 01100
69235 00001
69319 00001
69574 01100
69656 01100
70253 01100
70335 01100
70592 00001
70674 00001
70932 11000
71014 11000
71610 01100
71692 01100
71950 00001
72035 00001
72289 01100
72371 01100
72968 01100
73050 01100
73307 00001
73389 00001
73647 01010
73729 01010
74325 01100
74407 01100
74665 00001
74750 00001
75004 01100
75086 01100
75683 01100
75765 01100
76022 00001
76104 00001
76362 11000
76444 11000
77041 01100
77123 01100
77380 00001
77465 00001
77719 01100
77801 01100
78398 01100
78480 01100
78737 00001
78819 00001
79077 01010
79159 01010
79756 01100
79838 01100
80095 00001
80180 00001
80434 01100
80516 01100
80774 01100
80859 01100
81113 01000
81195 01000
81453 10001
81535 10001
81792 11000
81874 11000
82131 10000
82213 10000
82471 11000
82553 11000
82810 10001
82892 10001
83149 11000
83232 11000
83489 10000
83571 10000
83828 11000
83910 11000
84168 10001
84250 10001
84507 01010
84589 01000
84592 00010
84846 00010
84928 00010
85186 01010
85268 01010
85525 00011
85607 00011
85865 01010
85947 01010
86204 00010
86286 00010
86543 01010
86625 01010
86883 00011
86965 00011
87222 01010
87304 01010
87562 00010
87644 00010
87901 01010
87983 01010
88240 00011
88322 00011
88580 01010
88662 01010
88919 00010
89001 00010
89258 01010
89340 01010
89598 00011
89680 00011
89937 01010
90019 01000
90022 00010
90277 00010
90359 00010
90616 11000
90698 01000
90701 10000
90955 10001
91037 10001
91295 01000
91377 01000
91634 00100
91716 00100
91974 00010
92056 00010
92313 10001
92395 10001
92992 01010
93074 01010
93331 00010
93413 00010
93671 00011
93753 00011
94010 00010
94092 00010
94349 01010
94431 01010
94689 00010
94771 00010
95028 00011
95110 00011
95367 00010
95449 00010
95707 01010
95789 01010
96046 00010
96128 00010
96386 00011
96468 00011
96725 00010
96807 00010
97064 00110
97146 00110
97404 00110
97486 00110
97743 10001
97825 10001
98083 00010
98165 00010
98422 01010
98504 01010
98761 00010
98843 00010
99101 00011
99183 00011
99440 00010
99522 00010
99779 01010
99862 01010
100119 00010
100201 00010
100458 00011
100540 00011
100798 00010
100880 00010
101137 01010
101219 01010
101674 10001
101756 10001
102155 01000
102237 01000
102495 01000
102577 01000
102834 01000
102916 01000
103173 10001
103255 10001
103852 01010
103934 01010
104192 00010
104274 00010
104531 00011
104613 00011
104870 00010
104952 00010
105210 01010
105292 01010
105549 00010
105631 00010
105888 00011
105970 00011
106228 00010
106310 00010
106567 01010
106649 01010
106907 00010
106989 00010
107246 00011
107328 00011
107585 00010
107667 00010
107925 00110
108007 00110
108264 00110
108346 00110
108604 10001
108686 10001
108943 00010
109028 00010
109282 01010
109364 01010
109622 00010
109704 00010
109961 00011
110043 00011
110301 00010
110383 00010
110640 01010
110722 01010
110979 00010
111061 00010
111319 00011
111401 00011
111658 00010
111740 00010
111997 11000
112079 11000
112535 10001
112617 10001
113355 00001
113437 00001
114034 00001
114116 00001
114713 00001
114795 00001
115391 00001
115473 00001
116070 00001
116152 00001
116749 00001
116831 00001
117428 00001
117510 00001
118106 00001
118188 00001
118785 00001
118867 00001
119464 00001
119546 00001
120143 00001
120225 00001
120822 00001
120904 00001
121500 00001
121582 00001
122179 00001
122261 00001
122858 00001
122940 00001
123537 00001
123619 00001
124215 00001
124297 00001
124894 00001
124976 00001
125573 00001
125655 00001
126252 00001
126334 00001
126931 00001
127013 00001
127609 00001
127691 00001
128288 00001
128370 00001
128967 00001
129049 00001
129646 00001
129728 00001
130324 00001
130406 00001
131003 00001
131085 00001
131682 00001
131764 00001
132361 00001
132443 00001
133039 00001
133121 00001
133718 00001
133800 00001
134397 00001
134479 00001
135076 00001
135158 00001
135755 00001
135837 00001
136094 11000
136176 11000
136773 01100
136855 01100
137112 00001
137197 00001
137452 01100
137534 01100
138130 01100
138212 01100
138470 00001
138550 00001
138809 01010
138890 01010
139488 01100
139568 01100
139827 00001
139912 00001
140167 01100
140247 01100
140845 01100
140926 01100
141185 00001
141265 00001
141524 11000
141605 11000
142203 01100
142284 01100
142542 00001
142627 00001
142882 01100
142962 01100
143560 01100
143641 01100
143900 00001
143982 00001
144239 01010
144321 01010
144918 01100
145000 01100
145257 00001
145342 00001
145597 01100
145679 01100
145936 00001
146021 00001
146276 01000
146360 01000
146615 10001
146697 10001
146954 11000
147036 01000
147039 10000
147294 00010
147376 00010
147633 01010
147715 01010
147973 00011
148055 00011
148312 01010
148394 01010
148651 00010
148733 00010
148991 01010
149073 01010
149330 00011
149411 00011
149669 01010
149750 01010
150009 00010
150089 00010
150348 01010
150429 01010
150688 00011
150768 00011
151027 01010
151108 01010
151366 00010
151447 00010
151706 01010
151786 01010
152045 00011
152126 00011
152385 11000
152465 11000
152724 00010
152805 00010
153063 01010
153144 01010
153403 00011
153483 00011
153742 01010
153823 01010
154082 10000
154162 10000
154421 11000
154502 01000
154506 10000
154760 00011
154842 00011
155100 01010
155182 01010
155439 00010
155521 00010
155778 01010
155860 01010
156118 00001
156200 00001
156457 01000
156539 01000
156797 01000
156879 01000
157136 00100
157218 00100
157475 10001
157557 10001
157815 00010
157900 00010
158154 01010
158236 01010
158494 00010
158576 00010
158833 00011
158915 00011
159172 00010
159254 00010
159512 01010
159594 01010
159851 00010
159933 00010
160190 00011
160273 00011
160530 00010
160612 00010
160869 01010
160951 01010
161209 00010
161291 00010
161548 00011
161630 00011
161887 00010
161969 00010
162227 00100
162309 00100
162566 00100
162648 00100
162906 10001
162988 10001
163245 00010
163330 00010
163584 01010
163666 01010
163924 00010
164006 00010
164263 00011
164345 00011
164603 00010
164685 00010
164942 01010
165024 01010
165281 00010
165363 00010
165621 00011
165703 00011
165960 00010
166042 00010
166299 01010
166381 01010
166809 10001
166891 10001
167318 01000
167400 01000
167657 01000
167739 01000
167996 00100
168078 00100
168336 10001
168418 10001
168675 00010
168757 00010
169015 01010
169097 01010
169354 00010
169436 00010
169693 00011
169775 00011
170033 00010
170115 00010
170372 01010
170454 01010
170712 00010
170791 00010
171051 00011
171132 00011
171390 00010
171471 00010
171730 01010
171810 01010
172069 00010
172150 00010
172408 00011
172489 00011
172748 00010
172828 00010
173087 01010
173168 01010
173427 00100
173507 00100
173766 10001
173848 10001
174105 00010
174187 00010
174445 01010
174527 01010
174784 00010
174866 00010
175124 00011
175206 00011
175463 00010
175545 00010
175802 01010
175884 01010
176142 00010
176227 00010
176481 10001
176563 10001
177160 11000
177242 11000
177669 10001
177751 10001
178517 01000
178599 01000
178857 01000
178939 01000
179196 00001
179278 00001
179875 00001
179957 00001
180554 00001
180636 00001
181063 01000
181145 01000
181233 01000
181315 01000
181911 00001
181993 00001
182590 00001
182672 00001
183269 00001
183351 00001
183778 01000
183860 01000
183948 01000
184030 01000
184287 00110
184369 00110
184626 10001
184708 10001
184966 11000
185048 11000
185305 10000
185387 10000
185645 11000
185727 11000
185984 10001
186066 10001
186323 11000
186405 11000
186663 10000
186745 10000
187002 11000
187084 11000
187342 10001
187424 10001
187681 11000
187763 11000
188020 10000
188102 10000
188360 11000
188442 11000
188699 10001
188781 10001
189038 11000
189120 11000
189378 10000
189460 10000
189717 11000
189799 11000
190057 10001
190139 10001
190396 11000
190478 11000
190735 10000
190817 10000
191075 11000
191157 11000
191414 10001
191496 10001
191754 11000
191836 11000
192093 10000
192175 10000
192432 11000
192514 11000
192772 10001
192854 10001
193111 11000
193193 11000
193450 10000
193533 10000
193790 11000
193872 11000
194129 10001
194211 10001
194469 11000
194551 11000
194808 10000
194890 10000
195147 11000
195229 11000
195487 00011
195569 00011
195826 01010
195908 01010
196166 00010
196248 00010
196505 01010
196587 01010
196844 00011
196926 00011
197184 01010
197266 01010
197523 10000
197605 10000
197863 01000
197945 01000
198202 00011
198284 00011
198541 01010
198623 01010
198881 00010
198963 00010
199220 01010
199302 01010
199559 00011
199641 00011
199899 01010
199981 01010
200238 00010
200320 00010
200578 01000
200660 01000
200917 10001
200999 10001
201256 01010
201338 01010
201596 00010
201678 00010
201935 01010
202017 01010
202275 00011
202357 00011
202614 01010
202696 01010
202953 00010
203035 00010
203293 01010
203375 01010
203632 00011
203714 00011
203972 01010
204054 01010
204311 00010
204393 00010
204650 01010
204732 01010
204990 00011
205072 00011
205329 01010
205411 01010
205668 00010
205750 00010
206008 01010
206090 01010
206347 00011
206429 00011
206687 01010
206769 01010
207026 00010
207108 00010
207365 01010
207447 01010
207705 00011
207787 00011
208044 01010
208126 01010
208384 00010
208466 00010
208723 01010
208805 01010
209062 00011
209144 00011
209402 01010
209484 01010
209741 00010
209823 00010
210080 11000
210163 01000
210165 10000
210420 10000
210502 10000
210759 11000
210841 01000
210844 10000
211099 00001
211181 00001
211438 01000
211520 01000
211777 10001
211859 10001
212117 11000
212199 11000
212456 10000
212538 10000
212796 11000
212878 11000
213135 10001
213217 10001
213474 11000
213556 11000
213814 10000
213896 10000
214153 11000
214235 11000
214493 10001
214575 10001
214832 11000
214914 11000
215171 10000
215253 10000
215511 11000
215593 11000
215850 10001
215932 10001
216189 11000
216271 11000
216529 10000
216611 10000
216868 11000
216950 11000
217208 10001
217290 10001
217547 11000
217629 11000
217886 10000
217968 10000
218226 11000
218308 11000
218565 10001
218647 10001
218905 11000
218987 11000
219244 10000
219326 10000
219583 11000
219665 11000
219923 10001
220005 10001
220262 01000
220344 01000
220602 01000
220684 01000
220941 01000
221023 01000
221280 01000
221362 01000
221620 00100
221702 00100
221959 00010
222041 00010
222298 10000
222380 10000
222638 10001
222720 10001
223317 01010
223399 01010
223656 00010
223738 00010
223995 00011
224077 00011
224335 00010
224417 00010
224674 01010
224756 01010
225014 00010
225096 00010
225353 00011
225435 00011
225692 00010
225774 00010
226032 01010
226114 01010
226371 00010
226453 00010
226710 00011
226793 00011
227050 00010
227132 00010
227389 01100
227471 01100
227729 01000
227811 01000
228068 10001
228150 10001
228407 00010
228492 00010
228747 01010
228829 01010
229086 00010
229168 00010
229426 00011
229508 00011
229765 00010
229847 00010
230104 01010
230186 01010
230444 00010
230526 00010
230783 10001
230865 10001
231292 01000
231377 01000
231462 01000
231544 01000
231801 01000
231883 01000
231971 10000
232053 10000
232480 01000
232562 01000
232819 00100
232901 00100
233159 00010
233241 00010
233498 10001
233580 10001
233838 00010
233922 00010
234177 01010
234259 01010
234516 00010
234598 00010
234856 00011
234938 00011
235195 00010
235277 00010
235535 01010
235617 01010
235874 00010
235956 00010
236213 00011
236295 00011
236553 00010
236635 00010
236892 01010
236974 01010
237232 00010
237314 00010
237571 00011
237653 00011
237910 00010
237992 00010
238250 01010
238332 01010
238589 00100
238671 00100
238759 00100
238844 00100
238928 10001
239010 10001
239268 00010
239350 00010
239607 01010
239689 01010
239947 00010
240029 00010
240286 00011
240368 00011
240625 00010
240707 00010
240965 01010
241047 01010
241304 00010
241386 00010
241644 00011
241726 00011
241983 00010
242065 00010
242322 01010
242404 01010
242831 10001
242913 10001
243340 00010
243425 00010
243680 01000
243762 01000
244019 01000
244101 01000
244359 10001
244441 10001
245037 01010
245119 01010
245377 00010
245459 00010
245716 00011
245798 00011
246056 00010
246138 00010
246395 01010
246477 01010
246734 00010
246816 00010
247074 00011
247156 00011
247413 00010
247495 00010
247753 01010
247835 01010
248092 00010
248174 00010
248431 10001
248513 10001
248771 00010
248853 00010
249110 01000
249192 01000
249449 01000
249531 01000
249789 10001
249871 10001
250128 00010
250213 00010
250468 01010
250550 01010
250807 00010
250889 00010
251146 00011
251228 00011
251486 00010
251568 00010
251825 11000
251907 11000
252165 00010
252249 00010
252504 00011
252586 00011
252843 00010
252928 00010
253183 11000
253265 11000
253692 10001
253774 10001
254201 01000
254283 01000
254371 01000
254453 01000
254540 01000
254622 01000
254880 01000
254962 01000
255049 01000
255134 01000
255219 10001
255301 10001
255558 00010
255643 00010
255898 01010
255980 01010
256237 00010
256322 00010
256577 11000
256659 11000
257255 11000
257337 11000
257934 10001
258016 10001
258274 10000
258356 10000
258613 10000
258695 10000
258952 10000
259034 10000
259292 00100
259374 00100
259631 00010
259713 00010
259970 00010
260052 00010
260310 10000
260392 10000
260649 11000
260731 01000
260734 10000
260989 11000
261071 01000
261073 10000
261328 11000
261410 01000
261413 10000
261667 11000
261749 01000
261752 10000
262007 11000
262089 01000
262092 10000
262346 11000
262428 01000
262431 10000
262686 11000
262768 01000
262770 10000
263025 11000
263107 01000
263110 10000
263364 11000
263446 01000
263449 10000
263534 11000
263616 01000
263619 10000
