reptilia.mp3
artist here
album here
383 00001
573 01000
953 00001
1333 01000
2093 01000
2472 00001
2852 01000
3612 01000
3992 00001
4372 01000
5131 01000
5511 00001
5891 01000
6651 01000
7030 00001
7410 01000
8170 01000
8550 00001
8930 01000
9689 01000
10069 00001
10449 01000
11209 01000
11588 00001
11968 01000
12728 01000
13108 00101
13488 01100
13867 00100
14247 01100
14627 00101
15007 01100
15387 00100
15767 01100
16146 00101
16526 01100
16906 00100
17286 01100
17666 00101
18046 01100
18425 00100
18805 01100
19185 00101
19565 01100
19945 00100
20325 01100
20704 00101
21084 01100
21464 00100
21844 01100
22224 00101
22604 01100
22983 00100
23363 01100
23743 00101
24123 01100
24503 00100
24883 01100
25262 00101
25642 01100
26022 00100
26402 01100
26782 00101
27162 01100
27541 00100
27921 01100
28301 00101
28681 01100
29061 00100
29441 01100
29821 00101
30200 01100
30580 00100
30960 01100
31340 00101
31720 01100
32100 00100
32479 01100
32859 00101
33239 01100
33619 00100
33999 01100
34379 00101
34758 01100
35138 00100
35518 01100
35898 00101
36278 01100
36658 00100
37037 01100
37417 00101
37797 01100
38177 00100
38557 01100
38937 00101
39316 01100
39696 00100
40076 01100
40456 00101
40836 01100
41216 00100
41595 01100
41975 00101
42355 01100
42735 00100
43115 01100
43495 00101
43874 01100
44254 00100
44634 01100
45014 00101
45394 01100
45774 00100
46153 01100
46533 00101
46913 01100
47293 00100
47673 01100
48053 00101
48432 01100
48812 00100
49192 01100
49572 00101
49952 01100
50332 00100
50711 01100
51091 00101
51471 01100
51851 00100
52231 01100
52611 00101
52990 01100
53370 00100
53750 01100
54130 00101
54510 01100
54890 00100
55269 01100
55649 00101
56029 01100
56409 00100
56789 01100
57169 00101
57548 01100
57928 00100
58308 01100
58688 00101
59068 01100
59448 00100
59827 01100
60207 00101
60587 01100
60967 00100
61347 01100
61727 10001
62106 01100
62486 00100
62866 01100
63246 00101
63626 01100
64006 00100
64385 01100
64765 00101
65145 01100
65525 00100
65905 01100
66285 00101
66665 01100
67044 00100
67424 01100
67804 00101
68184 01100
68564 00100
68944 01100
69323 00101
69703 01100
70083 00100
70463 01100
70843 01000
71033 01000
71223 01000
71412 01000
71602 01000
71792 01000
71982 01000
72172 01000
72362 01000
72552 01000
72742 01000
72932 01000
73122 01000
73312 01000
73502 01000
73691 01000
73881 01000
79959 00001
80339 00001
80718 00001
81098 00001
81478 00001
81858 00001
82238 00001
82618 00001
82997 00001
83377 00001
83757 00001
84137 00001
84517 00001
84897 00001
85276 00100
85466 01000
85656 01000
85846 01000
86036 10001
86416 01010
86796 00010
87176 01010
87555 00010
87935 01010
88315 00010
88505 00001
88695 01010
89075 00010
89455 01010
89834 00010
90214 01010
90594 00010
90974 01010
91354 00010
91544 00001
91734 01010
92113 00011
92493 01010
92873 00010
93253 01010
93633 00010
94013 01010
94392 00010
94582 00001
94772 01010
95152 00010
95532 01010
95912 00010
96292 01010
96671 00010
97051 01010
97431 00010
97621 00001
97811 01010
98191 01010
98571 01010
98950 01010
99330 01010
99710 01010
100090 01010
100470 01010
100850 01010
101229 01010
101609 01010
101989 01010
102369 01010
102749 01010
103129 01010
103509 01010
103888 01010
104268 01010
104648 01010
105028 01010
105408 01010
105788 01010
106167 01010
106547 01010
106927 01010
107307 01010
107687 01010
108067 01010
108446 01010
108826 01010
109206 01010
109586 01010
109966 01010
110346 10001
110725 01100
111105 00101
111485 01100
111865 00101
112245 01100
112625 00101
113004 01100
113384 00101
113764 01100
114144 00101
114524 01100
114904 00101
115283 01100
115663 00101
116043 01100
116423 00101
116803 01100
117183 00101
117562 01100
117942 00101
118322 01100
118702 00101
119082 01100
119462 00101
119841 01100
120221 00101
120601 01100
120981 00101
121361 01100
121741 00101
122120 01100
122500 00101
122880 01100
123260 00101
123640 01100
124020 00101
124399 01100
124779 00101
125159 01100
125539 00101
125919 01100
126299 00101
126678 01100
127058 00101
127438 01100
127818 00101
128198 01100
128578 00101
128957 01100
129337 00101
129717 01100
130097 00101
130477 01100
130857 00101
131236 01100
131616 00101
131996 01100
132376 00101
132756 01100
133136 00101
133515 01100
133895 00101
134275 01100
134655 00011
135035 01010
135415 00010
135794 01010
136174 00011
136554 01010
136934 00010
137314 01010
137694 00011
138073 01010
138453 00010
138833 01010
139213 00011
139593 01010
139973 00010
140353 01010
140732 00011
141112 01010
141492 00010
141872 01010
142252 00011
142632 01010
143011 00010
143391 01010
143771 00011
144151 01010
144531 00010
144911 01010
145290 00011
145670 01010
146050 00010
146430 01010
146810 00101
147190 01100
147569 00100
147949 01100
148329 00101
148709 01100
149089 00100
149469 01100
149848 00101
150228 01100
150608 00100
150988 01100
151368 00101
151748 01100
152127 00100
152507 01100
152887 00101
153267 01100
153647 00100
154027 01100
154406 00101
154786 01100
155166 00100
155546 01100
155926 00101
156306 01100
156685 00100
157065 01100
157445 00101
157825 01100
158205 00100
158585 01100
158964 10001
159344 01100
159724 00100
160104 01100
160484 00101
160864 01100
161243 00100
161623 01100
162003 00101
162383 01100
162763 00100
163143 01100
163522 00101
163902 01100
164282 00100
164662 01100
165042 00101
165422 01100
165801 00100
166181 01100
166561 00101
166941 01100
167321 00100
167701 01100
168080 01000
168270 01000
168460 01000
168650 01000
168840 01000
169030 01000
169220 01000
169410 01000
169600 01000
169790 01000
169980 01000
170170 01000
170359 01000
170549 01000
170739 01000
170929 01000
171119 01001
177197 00001
177576 00001
177956 00001
178336 00001
178716 00001
179096 00001
179476 00001
179855 00001
180235 00001
180615 00001
180995 00001
181375 00001
181755 00001
182134 00001
182514 00100
182704 01000
182894 01000
183084 01000
183274 10001
183654 01010
184034 00010
184413 01010
184793 00010
185173 01010
185553 00010
185743 00001
185933 01010
186313 00010
186692 01010
187072 00010
187452 01010
187832 00010
188212 01010
188592 00010
188781 00001
188971 01010
189351 00011
189731 01010
190111 00010
190491 01010
190871 00010
191250 01010
191630 00010
191820 00001
192010 01010
192390 00010
192770 01010
193150 00010
193529 01010
193909 00010
194289 01010
194669 00010
194859 00001
195049 01010
195429 01010
195808 01010
196188 01010
196568 01010
196948 01010
197328 01010
197708 01010
198087 01010
198467 01010
198847 01010
199227 01010
199607 01010
199987 01010
200366 01010
200746 01010
201126 01010
201506 01010
201886 01010
202266 01010
202645 01010
203025 01010
203405 01010
203785 01010
204165 01010
204545 01010
204924 01010
205304 01010
205684 01010
206064 01010
206444 01010
206824 01010
207203 01010
207583 00001
207963 01000
208723 01000
209103 00001
209482 01000
210242 01000
210622 00001
211002 01000
211761 01000
212141 00001
212521 01000
213281 01000
213661 00101
